Register State:
x0: 0
x1: 0
x2: 10
x3: 1
x4: 20
x5: 0
x6: 0
x7: 0
x8: 0
x9: 0
x10: 0
x11: 0
x12: 0
x13: 0
x14: 0
x15: 0
x16: 0
x17: 0
x18: 0
x19: 0
x20: 0
x21: 0
x22: 0
x23: 0
x24: 0
x25: 0
x26: 0
x27: 0
x28: 0
x29: 0
x30: 0
x31: 0

Memory State:
.text section:
0000: 93 00 00 00 13 01 a0 00 93 01 10 00 63 82 20 00
0010: 6f f2 5f ff b3 80 30 00 6f f2 df fd 73 00 10 00
0020: 00 00 00 00 00 00 00 00 00 00 00 00 00 00 00 00
0030: 00 00 00 00 00 00 00 00 00 00 00 00 00 00 00 00
0040: 00 00 00 00 00 00 00 00 00 00 00 00 00 00 00 00
0050: 00 00 00 00 00 00 00 00 00 00 00 00 00 00 00 00
0060: 00 00 00 00 00 00 00 00 00 00 00 00 00 00 00 00
0070: 00 00 00 00 00 00 00 00 00 00 00 00 00 00 00 00
0080: 00 00 00 00 00 00 00 00 00 00 00 00 00 00 00 00
0090: 00 00 00 00 00 00 00 00 00 00 00 00 00 00 00 00
00a0: 00 00 00 00 00 00 00 00 00 00 00 00 00 00 00 00
00b0: 00 00 00 00 00 00 00 00 00 00 00 00 00 00 00 00
00c0: 00 00 00 00 00 00 00 00 00 00 00 00 00 00 00 00
00d0: 00 00 00 00 00 00 00 00 00 00 00 00 00 00 00 00
00e0: 00 00 00 00 00 00 00 00 00 00 00 00 00 00 00 00
00f0: 00 00 00 00 00 00 00 00 00 00 00 00 00 00 00 00
0100: 00 00 00 00 00 00 00 00 00 00 00 00 00 00 00 00
0110: 00 00 00 00 00 00 00 00 00 00 00 00 00 00 00 00
0120: 00 00 00 00 00 00 00 00 00 00 00 00 00 00 00 00
0130: 00 00 00 00 00 00 00 00 00 00 00 00 00 00 00 00
0140: 00 00 00 00 00 00 00 00 00 00 00 00 00 00 00 00
0150: 00 00 00 00 00 00 00 00 00 00 00 00 00 00 00 00
0160: 00 00 00 00 00 00 00 00 00 00 00 00 00 00 00 00
0170: 00 00 00 00 00 00 00 00 00 00 00 00 00 00 00 00
0180: 00 00 00 00 00 00 00 00 00 00 00 00 00 00 00 00
0190: 00 00 00 00 00 00 00 00 00 00 00 00 00 00 00 00
01a0: 00 00 00 00 00 00 00 00 00 00 00 00 00 00 00 00
01b0: 00 00 00 00 00 00 00 00 00 00 00 00 00 00 00 00
01c0: 00 00 00 00 00 00 00 00 00 00 00 00 00 00 00 00
01d0: 00 00 00 00 00 00 00 00 00 00 00 00 00 00 00 00
01e0: 00 00 00 00 00 00 00 00 00 00 00 00 00 00 00 00
01f0: 00 00 00 00 00 00 00 00 00 00 00 00 00 00 00 00
0200: 00 00 00 00 00 00 00 00 00 00 00 00 00 00 00 00
0210: 00 00 00 00 00 00 00 00 00 00 00 00 00 00 00 00
0220: 00 00 00 00 00 00 00 00 00 00 00 00 00 00 00 00
0230: 00 00 00 00 00 00 00 00 00 00 00 00 00 00 00 00
0240: 00 00 00 00 00 00 00 00 00 00 00 00 00 00 00 00
0250: 00 00 00 00 00 00 00 00 00 00 00 00 00 00 00 00
0260: 00 00 00 00 00 00 00 00 00 00 00 00 00 00 00 00
0270: 00 00 00 00 00 00 00 00 00 00 00 00 00 00 00 00
0280: 00 00 00 00 00 00 00 00 00 00 00 00 00 00 00 00
0290: 00 00 00 00 00 00 00 00 00 00 00 00 00 00 00 00
02a0: 00 00 00 00 00 00 00 00 00 00 00 00 00 00 00 00
02b0: 00 00 00 00 00 00 00 00 00 00 00 00 00 00 00 00
02c0: 00 00 00 00 00 00 00 00 00 00 00 00 00 00 00 00
02d0: 00 00 00 00 00 00 00 00 00 00 00 00 00 00 00 00
02e0: 00 00 00 00 00 00 00 00 00 00 00 00 00 00 00 00
02f0: 00 00 00 00 00 00 00 00 00 00 00 00 00 00 00 00
0300: 00 00 00 00 00 00 00 00 00 00 00 00 00 00 00 00
0310: 00 00 00 00 00 00 00 00 00 00 00 00 00 00 00 00
0320: 00 00 00 00 00 00 00 00 00 00 00 00 00 00 00 00
0330: 00 00 00 00 00 00 00 00 00 00 00 00 00 00 00 00
0340: 00 00 00 00 00 00 00 00 00 00 00 00 00 00 00 00
0350: 00 00 00 00 00 00 00 00 00 00 00 00 00 00 00 00
0360: 00 00 00 00 00 00 00 00 00 00 00 00 00 00 00 00
0370: 00 00 00 00 00 00 00 00 00 00 00 00 00 00 00 00
0380: 00 00 00 00 00 00 00 00 00 00 00 00 00 00 00 00
0390: 00 00 00 00 00 00 00 00 00 00 00 00 00 00 00 00
03a0: 00 00 00 00 00 00 00 00 00 00 00 00 00 00 00 00
03b0: 00 00 00 00 00 00 00 00 00 00 00 00 00 00 00 00
03c0: 00 00 00 00 00 00 00 00 00 00 00 00 00 00 00 00
03d0: 00 00 00 00 00 00 00 00 00 00 00 00 00 00 00 00
03e0: 00 00 00 00 00 00 00 00 00 00 00 00 00 00 00 00
03f0: 00 00 00 00 00 00 00 00 00 00 00 00 00 00 00 00

.data section:
0400: 00 00 00 00 00 00 00 00 00 00 00 00 00 00 00 00
0410: 00 00 00 00 00 00 00 00 00 00 00 00 00 00 00 00
0420: 00 00 00 00 00 00 00 00 00 00 00 00 00 00 00 00
0430: 00 00 00 00 00 00 00 00 00 00 00 00 00 00 00 00
0440: 00 00 00 00 00 00 00 00 00 00 00 00 00 00 00 00
0450: 00 00 00 00 00 00 00 00 00 00 00 00 00 00 00 00
0460: 00 00 00 00 00 00 00 00 00 00 00 00 00 00 00 00
0470: 00 00 00 00 00 00 00 00 00 00 00 00 00 00 00 00
0480: 00 00 00 00 00 00 00 00 00 00 00 00 00 00 00 00
0490: 00 00 00 00 00 00 00 00 00 00 00 00 00 00 00 00
04a0: 00 00 00 00 00 00 00 00 00 00 00 00 00 00 00 00
04b0: 00 00 00 00 00 00 00 00 00 00 00 00 00 00 00 00
04c0: 00 00 00 00 00 00 00 00 00 00 00 00 00 00 00 00
04d0: 00 00 00 00 00 00 00 00 00 00 00 00 00 00 00 00
04e0: 00 00 00 00 00 00 00 00 00 00 00 00 00 00 00 00
04f0: 00 00 00 00 00 00 00 00 00 00 00 00 00 00 00 00
0500: 00 00 00 00 00 00 00 00 00 00 00 00 00 00 00 00
0510: 00 00 00 00 00 00 00 00 00 00 00 00 00 00 00 00
0520: 00 00 00 00 00 00 00 00 00 00 00 00 00 00 00 00
0530: 00 00 00 00 00 00 00 00 00 00 00 00 00 00 00 00
0540: 00 00 00 00 00 00 00 00 00 00 00 00 00 00 00 00
0550: 00 00 00 00 00 00 00 00 00 00 00 00 00 00 00 00
0560: 00 00 00 00 00 00 00 00 00 00 00 00 00 00 00 00
0570: 00 00 00 00 00 00 00 00 00 00 00 00 00 00 00 00
0580: 00 00 00 00 00 00 00 00 00 00 00 00 00 00 00 00
0590: 00 00 00 00 00 00 00 00 00 00 00 00 00 00 00 00
05a0: 00 00 00 00 00 00 00 00 00 00 00 00 00 00 00 00
05b0: 00 00 00 00 00 00 00 00 00 00 00 00 00 00 00 00
05c0: 00 00 00 00 00 00 00 00 00 00 00 00 00 00 00 00
05d0: 00 00 00 00 00 00 00 00 00 00 00 00 00 00 00 00
05e0: 00 00 00 00 00 00 00 00 00 00 00 00 00 00 00 00
05f0: 00 00 00 00 00 00 00 00 00 00 00 00 00 00 00 00
0600: 00 00 00 00 00 00 00 00 00 00 00 00 00 00 00 00
0610: 00 00 00 00 00 00 00 00 00 00 00 00 00 00 00 00
0620: 00 00 00 00 00 00 00 00 00 00 00 00 00 00 00 00
0630: 00 00 00 00 00 00 00 00 00 00 00 00 00 00 00 00
0640: 00 00 00 00 00 00 00 00 00 00 00 00 00 00 00 00
0650: 00 00 00 00 00 00 00 00 00 00 00 00 00 00 00 00
0660: 00 00 00 00 00 00 00 00 00 00 00 00 00 00 00 00
0670: 00 00 00 00 00 00 00 00 00 00 00 00 00 00 00 00
0680: 00 00 00 00 00 00 00 00 00 00 00 00 00 00 00 00
0690: 00 00 00 00 00 00 00 00 00 00 00 00 00 00 00 00
06a0: 00 00 00 00 00 00 00 00 00 00 00 00 00 00 00 00
06b0: 00 00 00 00 00 00 00 00 00 00 00 00 00 00 00 00
06c0: 00 00 00 00 00 00 00 00 00 00 00 00 00 00 00 00
06d0: 00 00 00 00 00 00 00 00 00 00 00 00 00 00 00 00
06e0: 00 00 00 00 00 00 00 00 00 00 00 00 00 00 00 00
06f0: 00 00 00 00 00 00 00 00 00 00 00 00 00 00 00 00
0700: 00 00 00 00 00 00 00 00 00 00 00 00 00 00 00 00
0710: 00 00 00 00 00 00 00 00 00 00 00 00 00 00 00 00
0720: 00 00 00 00 00 00 00 00 00 00 00 00 00 00 00 00
0730: 00 00 00 00 00 00 00 00 00 00 00 00 00 00 00 00
0740: 00 00 00 00 00 00 00 00 00 00 00 00 00 00 00 00
0750: 00 00 00 00 00 00 00 00 00 00 00 00 00 00 00 00
0760: 00 00 00 00 00 00 00 00 00 00 00 00 00 00 00 00
0770: 00 00 00 00 00 00 00 00 00 00 00 00 00 00 00 00
0780: 00 00 00 00 00 00 00 00 00 00 00 00 00 00 00 00
0790: 00 00 00 00 00 00 00 00 00 00 00 00 00 00 00 00
07a0: 00 00 00 00 00 00 00 00 00 00 00 00 00 00 00 00
07b0: 00 00 00 00 00 00 00 00 00 00 00 00 00 00 00 00
07c0: 00 00 00 00 00 00 00 00 00 00 00 00 00 00 00 00
07d0: 00 00 00 00 00 00 00 00 00 00 00 00 00 00 00 00
07e0: 00 00 00 00 00 00 00 00 00 00 00 00 00 00 00 00
07f0: 00 00 00 00 00 00 00 00 00 00 00 00 00 00 00 00
0800: 00 00 00 00 00 00 00 00 00 00 00 00 00 00 00 00
0810: 00 00 00 00 00 00 00 00 00 00 00 00 00 00 00 00
0820: 00 00 00 00 00 00 00 00 00 00 00 00 00 00 00 00
0830: 00 00 00 00 00 00 00 00 00 00 00 00 00 00 00 00
0840: 00 00 00 00 00 00 00 00 00 00 00 00 00 00 00 00
0850: 00 00 00 00 00 00 00 00 00 00 00 00 00 00 00 00
0860: 00 00 00 00 00 00 00 00 00 00 00 00 00 00 00 00
0870: 00 00 00 00 00 00 00 00 00 00 00 00 00 00 00 00
0880: 00 00 00 00 00 00 00 00 00 00 00 00 00 00 00 00
0890: 00 00 00 00 00 00 00 00 00 00 00 00 00 00 00 00
08a0: 00 00 00 00 00 00 00 00 00 00 00 00 00 00 00 00
08b0: 00 00 00 00 00 00 00 00 00 00 00 00 00 00 00 00
08c0: 00 00 00 00 00 00 00 00 00 00 00 00 00 00 00 00
08d0: 00 00 00 00 00 00 00 00 00 00 00 00 00 00 00 00
08e0: 00 00 00 00 00 00 00 00 00 00 00 00 00 00 00 00
08f0: 00 00 00 00 00 00 00 00 00 00 00 00 00 00 00 00
0900: 00 00 00 00 00 00 00 00 00 00 00 00 00 00 00 00
0910: 00 00 00 00 00 00 00 00 00 00 00 00 00 00 00 00
0920: 00 00 00 00 00 00 00 00 00 00 00 00 00 00 00 00
0930: 00 00 00 00 00 00 00 00 00 00 00 00 00 00 00 00
0940: 00 00 00 00 00 00 00 00 00 00 00 00 00 00 00 00
0950: 00 00 00 00 00 00 00 00 00 00 00 00 00 00 00 00
0960: 00 00 00 00 00 00 00 00 00 00 00 00 00 00 00 00
0970: 00 00 00 00 00 00 00 00 00 00 00 00 00 00 00 00
0980: 00 00 00 00 00 00 00 00 00 00 00 00 00 00 00 00
0990: 00 00 00 00 00 00 00 00 00 00 00 00 00 00 00 00
09a0: 00 00 00 00 00 00 00 00 00 00 00 00 00 00 00 00
09b0: 00 00 00 00 00 00 00 00 00 00 00 00 00 00 00 00
09c0: 00 00 00 00 00 00 00 00 00 00 00 00 00 00 00 00
09d0: 00 00 00 00 00 00 00 00 00 00 00 00 00 00 00 00
09e0: 00 00 00 00 00 00 00 00 00 00 00 00 00 00 00 00
09f0: 00 00 00 00 00 00 00 00 00 00 00 00 00 00 00 00
0a00: 00 00 00 00 00 00 00 00 00 00 00 00 00 00 00 00
0a10: 00 00 00 00 00 00 00 00 00 00 00 00 00 00 00 00
0a20: 00 00 00 00 00 00 00 00 00 00 00 00 00 00 00 00
0a30: 00 00 00 00 00 00 00 00 00 00 00 00 00 00 00 00
0a40: 00 00 00 00 00 00 00 00 00 00 00 00 00 00 00 00
0a50: 00 00 00 00 00 00 00 00 00 00 00 00 00 00 00 00
0a60: 00 00 00 00 00 00 00 00 00 00 00 00 00 00 00 00
0a70: 00 00 00 00 00 00 00 00 00 00 00 00 00 00 00 00
0a80: 00 00 00 00 00 00 00 00 00 00 00 00 00 00 00 00
0a90: 00 00 00 00 00 00 00 00 00 00 00 00 00 00 00 00
0aa0: 00 00 00 00 00 00 00 00 00 00 00 00 00 00 00 00
0ab0: 00 00 00 00 00 00 00 00 00 00 00 00 00 00 00 00
0ac0: 00 00 00 00 00 00 00 00 00 00 00 00 00 00 00 00
0ad0: 00 00 00 00 00 00 00 00 00 00 00 00 00 00 00 00
0ae0: 00 00 00 00 00 00 00 00 00 00 00 00 00 00 00 00
0af0: 00 00 00 00 00 00 00 00 00 00 00 00 00 00 00 00
0b00: 00 00 00 00 00 00 00 00 00 00 00 00 00 00 00 00
0b10: 00 00 00 00 00 00 00 00 00 00 00 00 00 00 00 00
0b20: 00 00 00 00 00 00 00 00 00 00 00 00 00 00 00 00
0b30: 00 00 00 00 00 00 00 00 00 00 00 00 00 00 00 00
0b40: 00 00 00 00 00 00 00 00 00 00 00 00 00 00 00 00
0b50: 00 00 00 00 00 00 00 00 00 00 00 00 00 00 00 00
0b60: 00 00 00 00 00 00 00 00 00 00 00 00 00 00 00 00
0b70: 00 00 00 00 00 00 00 00 00 00 00 00 00 00 00 00
0b80: 00 00 00 00 00 00 00 00 00 00 00 00 00 00 00 00
0b90: 00 00 00 00 00 00 00 00 00 00 00 00 00 00 00 00
0ba0: 00 00 00 00 00 00 00 00 00 00 00 00 00 00 00 00
0bb0: 00 00 00 00 00 00 00 00 00 00 00 00 00 00 00 00
0bc0: 00 00 00 00 00 00 00 00 00 00 00 00 00 00 00 00
0bd0: 00 00 00 00 00 00 00 00 00 00 00 00 00 00 00 00
0be0: 00 00 00 00 00 00 00 00 00 00 00 00 00 00 00 00
0bf0: 00 00 00 00 00 00 00 00 00 00 00 00 00 00 00 00
0c00: 00 00 00 00 00 00 00 00 00 00 00 00 00 00 00 00
0c10: 00 00 00 00 00 00 00 00 00 00 00 00 00 00 00 00
0c20: 00 00 00 00 00 00 00 00 00 00 00 00 00 00 00 00
0c30: 00 00 00 00 00 00 00 00 00 00 00 00 00 00 00 00
0c40: 00 00 00 00 00 00 00 00 00 00 00 00 00 00 00 00
0c50: 00 00 00 00 00 00 00 00 00 00 00 00 00 00 00 00
0c60: 00 00 00 00 00 00 00 00 00 00 00 00 00 00 00 00
0c70: 00 00 00 00 00 00 00 00 00 00 00 00 00 00 00 00
0c80: 00 00 00 00 00 00 00 00 00 00 00 00 00 00 00 00
0c90: 00 00 00 00 00 00 00 00 00 00 00 00 00 00 00 00
0ca0: 00 00 00 00 00 00 00 00 00 00 00 00 00 00 00 00
0cb0: 00 00 00 00 00 00 00 00 00 00 00 00 00 00 00 00
0cc0: 00 00 00 00 00 00 00 00 00 00 00 00 00 00 00 00
0cd0: 00 00 00 00 00 00 00 00 00 00 00 00 00 00 00 00
0ce0: 00 00 00 00 00 00 00 00 00 00 00 00 00 00 00 00
0cf0: 00 00 00 00 00 00 00 00 00 00 00 00 00 00 00 00
0d00: 00 00 00 00 00 00 00 00 00 00 00 00 00 00 00 00
0d10: 00 00 00 00 00 00 00 00 00 00 00 00 00 00 00 00
0d20: 00 00 00 00 00 00 00 00 00 00 00 00 00 00 00 00
0d30: 00 00 00 00 00 00 00 00 00 00 00 00 00 00 00 00
0d40: 00 00 00 00 00 00 00 00 00 00 00 00 00 00 00 00
0d50: 00 00 00 00 00 00 00 00 00 00 00 00 00 00 00 00
0d60: 00 00 00 00 00 00 00 00 00 00 00 00 00 00 00 00
0d70: 00 00 00 00 00 00 00 00 00 00 00 00 00 00 00 00
0d80: 00 00 00 00 00 00 00 00 00 00 00 00 00 00 00 00
0d90: 00 00 00 00 00 00 00 00 00 00 00 00 00 00 00 00
0da0: 00 00 00 00 00 00 00 00 00 00 00 00 00 00 00 00
0db0: 00 00 00 00 00 00 00 00 00 00 00 00 00 00 00 00
0dc0: 00 00 00 00 00 00 00 00 00 00 00 00 00 00 00 00
0dd0: 00 00 00 00 00 00 00 00 00 00 00 00 00 00 00 00
0de0: 00 00 00 00 00 00 00 00 00 00 00 00 00 00 00 00
0df0: 00 00 00 00 00 00 00 00 00 00 00 00 00 00 00 00
0e00: 00 00 00 00 00 00 00 00 00 00 00 00 00 00 00 00
0e10: 00 00 00 00 00 00 00 00 00 00 00 00 00 00 00 00
0e20: 00 00 00 00 00 00 00 00 00 00 00 00 00 00 00 00
0e30: 00 00 00 00 00 00 00 00 00 00 00 00 00 00 00 00
0e40: 00 00 00 00 00 00 00 00 00 00 00 00 00 00 00 00
0e50: 00 00 00 00 00 00 00 00 00 00 00 00 00 00 00 00
0e60: 00 00 00 00 00 00 00 00 00 00 00 00 00 00 00 00
0e70: 00 00 00 00 00 00 00 00 00 00 00 00 00 00 00 00
0e80: 00 00 00 00 00 00 00 00 00 00 00 00 00 00 00 00
0e90: 00 00 00 00 00 00 00 00 00 00 00 00 00 00 00 00
0ea0: 00 00 00 00 00 00 00 00 00 00 00 00 00 00 00 00
0eb0: 00 00 00 00 00 00 00 00 00 00 00 00 00 00 00 00
0ec0: 00 00 00 00 00 00 00 00 00 00 00 00 00 00 00 00
0ed0: 00 00 00 00 00 00 00 00 00 00 00 00 00 00 00 00
0ee0: 00 00 00 00 00 00 00 00 00 00 00 00 00 00 00 00
0ef0: 00 00 00 00 00 00 00 00 00 00 00 00 00 00 00 00
0f00: 00 00 00 00 00 00 00 00 00 00 00 00 00 00 00 00
0f10: 00 00 00 00 00 00 00 00 00 00 00 00 00 00 00 00
0f20: 00 00 00 00 00 00 00 00 00 00 00 00 00 00 00 00
0f30: 00 00 00 00 00 00 00 00 00 00 00 00 00 00 00 00
0f40: 00 00 00 00 00 00 00 00 00 00 00 00 00 00 00 00
0f50: 00 00 00 00 00 00 00 00 00 00 00 00 00 00 00 00
0f60: 00 00 00 00 00 00 00 00 00 00 00 00 00 00 00 00
0f70: 00 00 00 00 00 00 00 00 00 00 00 00 00 00 00 00
0f80: 00 00 00 00 00 00 00 00 00 00 00 00 00 00 00 00
0f90: 00 00 00 00 00 00 00 00 00 00 00 00 00 00 00 00
0fa0: 00 00 00 00 00 00 00 00 00 00 00 00 00 00 00 00
0fb0: 00 00 00 00 00 00 00 00 00 00 00 00 00 00 00 00
0fc0: 00 00 00 00 00 00 00 00 00 00 00 00 00 00 00 00
0fd0: 00 00 00 00 00 00 00 00 00 00 00 00 00 00 00 00
0fe0: 00 00 00 00 00 00 00 00 00 00 00 00 00 00 00 00
0ff0: 00 00 00 00 00 00 00 00 00 00 00 00 00 00 00 00
